-0.329897 -7.81803
-0.304569 -7.303027
-0.277207 -6.795856
-0.247841 -6.296445
-0.216502 -5.80472
-0.183221 -5.320607
-0.148026 -4.844032
-0.11095 -4.374926
-0.072021 -3.91321
-0.03127 -3.458818
0.011275 -3.011677
0.055584 -2.571713
0.101627 -2.138859
0.149377 -1.713042
0.198803 -1.294192
0.249878 -0.882239
0.302573 -0.477115
0.35686 -0.078748
0.41271 0.312927
0.470097 0.697981
0.528992 1.076481
0.589367 1.448495
0.651196 1.814091
0.714451 2.173334
0.779106 2.526291
0.845133 2.87303
0.912505 3.213615
0.981198 3.548113
1.051183 3.876588
1.122436 4.199104
1.19493 4.515727
1.26864 4.82652
1.34354 5.131548
1.419605 5.430873
1.49681 5.72456
1.57513 6.012668
1.654539 6.295262
1.735014 6.572402
1.81653 6.84415
1.899062 7.110567
1.982587 7.371715
2.067082 7.627653
2.152521 7.878441
2.238882 8.12414
2.326142 8.364811
2.414277 8.600509
2.503263 8.831291
2.59308 9.057221
2.683703 9.278356
2.775111 9.494749
2.867281 9.706459
2.960191 9.913544
3.05382 10.11606
3.148146 10.314062
3.243146 10.507607
3.338801 10.696752
3.435089 10.881548
3.531988 11.06205
3.629478 11.238316
3.727539 11.410395
3.826149 11.578342
3.92529 11.742215
4.02494 11.902059
4.125081 12.057933
4.225691 12.209881
4.326753 12.357965
4.428246 12.50223
4.53015 12.642725
4.63245 12.779509
4.735123 12.912621
4.838152 13.042118
4.941518 13.16805
5.045205 13.290463
5.149192 13.409407
5.253464 13.524931
5.358 13.63708
5.462786 13.745906
5.567802 13.851454
5.673032 13.953771
5.778459 14.052903
5.884066 14.148898
5.989838 14.241798
6.095756 14.331656
6.201806 14.41851
6.307969 14.502409
6.414234 14.583394
6.52058 14.66151
6.626997 14.736804
6.733463 14.809314
6.83997 14.879089
6.946497 14.946163
7.053032 15.010587
7.159562 15.072399
7.26607 15.131639
7.372542 15.188351
7.478966 15.242577
7.585326 15.294352
7.691608 15.343717
7.797801 15.390716
7.90389 15.435385
8.009863 15.477763
8.115705 15.517893
8.221404 15.555806
8.326949 15.591543
8.432325 15.625146
8.537524 15.656647
8.64253 15.686083
8.747334 15.713493
8.85192 15.738908
8.956282 15.762367
9.060404 15.78391
9.164277 15.803563
9.26789 15.821366
9.371235 15.837355
9.474295 15.851554
9.577065 15.864011
9.679531 15.874747
9.781688 15.883801
9.883521 15.891202
9.985024 15.896986
10.086185 15.901181
10.186996 15.903821
10.287449 15.904933
10.387531 15.904552
10.487239 15.902708
10.586557 15.899426
10.685484 15.894741
10.784009 15.888679
10.882124 15.881272
10.979818 15.872543
11.077087 15.862523
11.173925 15.851242
11.270322 15.838725
11.36627 15.824997
11.461764 15.810087
11.556798 15.794024
11.651363 15.776824
11.745453 15.758526
11.839065 15.739145
11.932189 15.718712
12.02482 15.697247
12.116953 15.674773
12.208584 15.65132
12.299705 15.626907
12.39031 15.601557
12.4804 15.575292
12.569964 15.548136
12.659002 15.52011
12.747506 15.491236
12.835475 15.461535
12.922901 15.431027
13.009784 15.399734
13.096119 15.367676
13.181899 15.334867
13.267128 15.301336
13.351798 15.267096
13.435906 15.232167
13.519451 15.196565
13.602429 15.160311
13.684838 15.123419
13.766679 15.08591
13.847947 15.047801
13.928636 15.009103
14.008753 14.969838
14.088288 14.930017
14.167248 14.889659
14.245625 14.848779
14.323423 14.807389
14.400636 14.765502
14.47727 14.723137
14.553319 14.680305
14.628786 14.637018
14.703669 14.593288
14.777972 14.54913
14.851688 14.504555
14.924825 14.459576
14.99738 14.414203
15.069356 14.368446
15.140749 14.322316
15.211569 14.275827
15.281808 14.228983
15.351474 14.181796
15.420567 14.134277
15.489089 14.086432
15.55704 14.038271
15.624429 13.989804
15.69125 13.941032
15.75751 13.89197
15.823214 13.842619
15.888357 13.792988
15.952954 13.743087
16.016998 13.692915
16.080502 13.642483
16.143459 13.591793
16.205885 13.540853
16.267773 13.489661
16.329136 13.438228
16.389969 13.386555
16.450289 13.334643
16.51009 13.282499
16.569384 13.230124
16.628172 13.17752
16.686462 13.124688
16.744261 13.071632
16.801569 13.018354
16.858397 12.964855
16.914745 12.911137
16.970619 12.857203
17.02603 12.803054
17.080976 12.748693
17.135466 12.694121
17.189508 12.639343
17.243105 12.58436
17.296263 12.529173
17.34898 12.473783
17.401272 12.418195
17.45314 12.36241
17.504587 12.306429
17.555618 12.250257
17.606243 12.193892
17.656462 12.137342
17.706287 12.080606
17.755718 12.023685
17.80476 11.966581
17.853422 11.909301
17.901707 11.851845
17.949619 11.794211
17.997166 11.736408
18.04435 11.678433
18.091173 11.620292
18.137651 11.561983
18.183784 11.503514
18.229574 11.444883
18.275028 11.386095
18.320156 11.327151
18.364956 11.268052
18.409437 11.208805
18.453606 11.149407
18.497461 11.089863
18.541016 11.030177
18.584269 10.970345
18.627226 10.910378
18.669897 10.850275
18.712286 10.790036
18.754393 10.729666
18.79623 10.669168
18.837797 10.608544
18.879101 10.547793
18.920149 10.486923
18.960941 10.425933
19.001488 10.364825
19.04179 10.303605
19.081858 10.242275
19.121691 10.180834
19.161295 10.119287
19.20068 10.057636
19.239847 9.995884
19.278805 9.934032
19.317551 9.872087
19.356098 9.810046
19.394445 9.747916
19.432606 9.685697
19.470573 9.623392
19.508364 9.561005
19.545975 9.498539
19.583416 9.435992
19.620689 9.373374
19.657803 9.310684
19.694761 9.247922
19.731564 9.185095
19.768221 9.122203
19.804739 9.059252
19.841118 8.996242
19.877367 8.933173
19.91349 8.870053
19.949492 8.806885
19.985374 8.743667
20.021147 8.680406
20.056812 8.617102
20.092377 8.553759
20.127842 8.490377
20.163219 8.426967
20.198509 8.363525
20.233715 8.300053
20.268847 8.236557
20.303909 8.173042
20.338898 8.109505
20.373827 8.045952
20.408701 7.982385
20.44352 7.918808
20.478291 7.855226
20.51302 7.791637
20.547714 7.728046
20.582375 7.664458
20.617006 7.600873
20.651615 7.537295
20.686207 7.473729
20.720785 7.410174
20.755356 7.346637
20.789923 7.283119
20.824492 7.219623
20.859062 7.156152
20.893648 7.092709
20.928251 7.029298
20.962873 6.965921
20.997522 6.902581
21.0322 6.839283
21.066914 6.776027
21.101667 6.712818
21.136467 6.649657
21.171316 6.586553
21.206219 6.523501
21.241182 6.460511
21.276211 6.39758
21.311308 6.334719
21.346476 6.271922
21.381723 6.2092
21.417053 6.14655
21.452477 6.083982
21.487988 6.02149
21.523598 5.959088
21.559311 5.89677
21.595131 5.834543
21.631062 5.772412
21.667109 5.710378
21.703278 5.648444
21.739574 5.586615
21.775999 5.524891
21.812559 5.463279
21.849264 5.401782
21.88611 5.340401
21.923105 5.27914
21.960255 5.218003
21.997562 5.156992
22.03504 5.096113
22.072678 5.035367
22.110493 4.974758
22.148487 4.914291
22.186659 4.853965
22.225021 4.79379
22.263577 4.733761
22.302324 4.673891
22.341274 4.614175
22.38043 4.554622
22.419794 4.495233
22.459375 4.436011
22.499178 4.37696
22.5392 4.318086
22.579456 4.259386
22.61994 4.200871
22.660667 4.142541
22.701633 4.084399
22.742847 4.026449
22.784313 3.968696
22.82604 3.911142
22.868021 3.853789
22.910267 3.796645
22.952789 3.739709
22.995581 3.682988
23.038654 3.626483
23.08201 3.570199
23.125658 3.514138
23.169592 3.458308
23.213829 3.402706
23.258364 3.347343
23.303207 3.292216
23.34836 3.237334
23.393831 3.182695
23.439621 3.128309
23.485733 3.074174
23.532175 3.020298
23.578953 2.966681
23.626066 2.913331
23.673523 2.860247
23.721327 2.807436
23.769482 2.754902
23.817993 2.702646
23.866869 2.650674
23.916101 2.598989
23.965706 2.547595
24.015684 2.496495
24.066044 2.445694
24.116781 2.395195
24.167912 2.345003
24.219429 2.295121
24.271345 2.245552
24.323656 2.196299
24.376377 2.14737
24.429508 2.098765
24.483047 2.050491
24.53701 2.002548
24.591393 1.954944
24.646202 1.907678
24.701439 1.86076
24.757116 1.814188
24.813234 1.767971
24.869797 1.722108
24.926805 1.676609
24.984268 1.631471
25.042187 1.586703
25.100565 1.542308
25.159414 1.498288
25.218735 1.454651
25.278526 1.411397
25.338795 1.368534
25.399546 1.326065
25.460781 1.283997
25.522511 1.242332
25.584728 1.201081
25.647438 1.160244
25.710648 1.119833
25.774355 1.079849
25.838566 1.040305
25.903278 1.001202
25.968498 0.962551
26.034225 0.924358
26.100454 0.886633
26.167204 0.849381
26.234457 0.812614
26.302227 0.776337
26.370502 0.740562
26.439293 0.705295
26.5086 0.670549
26.578423 0.636331
26.64875 0.602653
26.719597 0.569524
26.790951 0.536954
26.862818 0.504956
26.935194 0.473539
27.00808 0.442716
27.081474 0.412497
27.155367 0.382895
27.229774 0.353921
27.30468 0.32559
27.380083 0.297911
27.455984 0.2709
27.532385 0.244567
27.609272 0.21893
27.686651 0.193998
27.764517 0.169789
27.842865 0.146314
27.92169 0.12359
28.000994 0.10163
28.080765 0.080451
28.161007 0.060066
28.241711 0.040493
28.32287 0.021746
28.404486 0.003842
28.486549 -0.013203
28.56905 -0.029371
28.651997 -0.044647
28.735374 -0.059013
28.819172 -0.07245
28.903389 -0.084942
28.988031 -0.096472
29.073074 -0.107019
29.158518 -0.116566
29.244354 -0.125095
29.330584 -0.132584
29.417192 -0.139017
29.504171 -0.144373
29.591515 -0.148631
29.679213 -0.151772
29.76726 -0.153776
29.85565 -0.154622
29.944378 -0.154289
30.033417 -0.152754
30.122786 -0.149999
30.21245 -0.145999
30.302418 -0.140734
30.39267 -0.134181
30.483202 -0.126318
30.573994 -0.117121
30.665054 -0.106568
30.756353 -0.094635
30.847897 -0.081298
30.939665 -0.066534
31.031647 -0.05032
31.123835 -0.03263
31.216217 -0.013438
31.308783 0.00728
31.401518 0.029547
31.49441 0.053391
31.58745 0.078836
31.680628 0.10591
31.77392 0.134637
31.867327 0.165047
31.960827 0.197162
32.054413 0.231014
32.148067 0.266627
32.241783 0.30403
32.335533 0.34325
32.429321 0.384317
32.523121 0.427257
32.616924 0.472101
32.710709 0.518875
32.80447 0.567613
32.898186 0.618339
32.991844 0.671087
33.08543 0.725883
33.178928 0.782763
33.27232 0.841754
33.365597 0.902884
33.458725 0.966187
33.551708 1.031698
33.644531 1.099445
33.737152 1.169457
33.829578 1.241769
33.921787 1.316417
34.013763 1.393431
34.105473 1.472838
34.196922 1.554682
34.288071 1.638986
34.378922 1.725794
34.46944 1.81513
34.559616 1.907037
34.649426 2.001542
34.738861 2.098688
34.827888 2.198501
34.9165 2.301025
35.004662 2.406288
35.092377 2.514334
35.179611 2.625194
35.266335 2.738901
35.352547 2.855495
35.438217 2.97502
35.523331 3.097507
35.607853 3.222987
35.69178 3.351506
35.775085 3.483105
35.857738 3.617818
35.939724 3.755677
36.021019 3.896726
36.101608 4.041013
36.181465 4.18857
36.260563 4.339429
36.338886 4.493644
36.416397 4.65124
36.493095 4.812275
36.568939 4.976771
36.643913 5.144788
36.717987 5.316349
36.791145 5.491512
36.863365 5.670303
36.93462 5.85278
37.004871 6.038969
37.074112 6.22893
37.142307 6.422688
37.209442 6.620302
37.275478 6.821799
37.340405 7.027244
37.404186 7.236666
37.466797 7.450104
37.52821 7.66761
37.588406 7.88924
37.647354 8.115026
37.705025 8.345005
37.761391 8.579234
37.816441 8.817768
37.870125 9.060644
37.922424 9.307895
37.97332 9.55959
38.02277 9.815754
38.070759 10.076458
38.117249 10.341724
38.162212 10.611627
38.205624 10.886185
38.247456 11.165477
38.287678 11.449521
38.326256 11.738396
38.363167 12.032121
38.398376 12.330773
38.431862 12.634376
38.463589 12.943006
38.493523 13.256685
38.521633 13.575493
38.547897 13.899466
38.572273 14.228636
38.594746 14.563075
38.615269 14.902846
38.63382 15.247987
38.65036 15.598534
38.66486 15.954553
38.677288 16.316114
38.687614 16.683254
38.695805 17.056009
38.701828 17.434469
38.705647 17.818645
38.707226 18.208633
38.706543 18.60445
38.703556 19.006186
38.698231 19.413855
38.69054 19.827557
38.680443 20.247303
38.667908 20.673189
38.652897 21.10523
38.635387 21.543528
38.615326 21.988091
38.592693 22.439018
38.56744 22.896326
38.539547 23.360115
