0.0 -2E-06
0.194834 0.24374
0.387884 0.484945
0.579165 0.723648
0.768696 0.959858
0.95649 1.193604
1.142563 1.424906
1.326923 1.653774
1.509602 1.880243
1.690609 2.104326
1.869947 2.326042
2.047644 2.54542
2.223707 2.762472
2.398155 2.977221
2.570999 3.189682
2.74226 3.399885
2.911942 3.60784
3.080074 3.813574
3.246656 4.017099
3.41172 4.218449
3.575262 4.417625
3.737297 4.614655
3.897858 4.809561
4.056938 5.002357
4.214565 5.193068
4.370747 5.381708
4.525497 5.568295
4.678827 5.752853
4.830757 5.935394
4.981304 6.115944
5.130466 6.294512
5.278273 6.471128
5.424725 6.645798
5.569847 6.818554
5.713646 6.989401
5.856138 7.158361
5.99733 7.325455
6.137239 7.4907
6.275885 7.654116
6.413271 7.815712
6.549416 7.975512
6.684334 8.133535
6.818031 8.289793
6.950521 8.444305
7.08182 8.59709
7.211939 8.748163
7.340897 8.897547
7.468693 9.045246
7.595348 9.191288
7.720877 9.335682
7.845285 9.478455
7.96859 9.61961
8.090801 9.759174
8.211927 9.897156
8.331987 10.033577
8.450987 10.168451
8.568947 10.301794
8.685869 10.433622
8.801767 10.563952
8.916655 10.692797
9.030552 10.820174
9.143452 10.946101
9.255383 11.070592
9.366341 11.193657
9.476355 11.315314
9.585421 11.43558
9.693558 11.554472
9.800774 11.671999
9.907082 11.788181
10.012491 11.903029
10.117012 12.01656
10.220655 12.128784
10.323439 12.23972
10.425364 12.34938
10.526443 12.457783
10.626694 12.564936
10.726114 12.670856
10.82473 12.775561
10.922539 12.879057
11.019554 12.981363
11.115791 13.08249
11.211254 13.182451
11.305954 13.281264
11.399904 13.378938
11.493111 13.475486
11.585587 13.570925
11.677341 13.665262
11.768379 13.758516
11.858719 13.850696
11.948357 13.941814
12.037321 14.031889
12.125607 14.120926
12.213226 14.208941
12.30019 14.295946
12.386511 14.38195
12.472189 14.466969
12.557243 14.551014
12.641676 14.634098
12.7255 14.716233
12.808722 14.797427
12.891354 14.877695
12.9734 14.957046
13.054871 15.035495
13.135775 15.11305
13.216122 15.189724
13.295918 15.265525
13.375175 15.340469
13.453896 15.414564
13.532099 15.487823
13.609781 15.560256
13.686956 15.631871
13.763634 15.70268
13.839814 15.772694
13.915512 15.841922
13.99074 15.910378
14.065494 15.978067
14.139789 16.045002
14.213631 16.111195
14.287027 16.176651
14.359986 16.241383
14.432512 16.305401
14.50462 16.36871
14.57631 16.431328
14.647592 16.493256
14.718472 16.554504
14.78896 16.615089
14.859059 16.675011
14.928779 16.734285
14.998126 16.792919
15.067106 16.850918
15.135729 16.908295
15.203997 16.965054
15.271919 17.021208
15.339504 17.076763
15.406753 17.131729
15.473677 17.186113
15.540282 17.239923
15.60657 17.293167
15.672553 17.345852
15.738234 17.397987
15.803617 17.449581
15.868713 17.500641
15.933527 17.551174
15.998061 17.601185
16.062325 17.650684
16.126322 17.69968
16.19006 17.748177
16.253542 17.796181
16.316776 17.843702
16.379766 17.890745
16.442518 17.937321
16.505035 17.983429
16.567329 18.029079
16.629398 18.074282
16.69125 18.119038
16.752888 18.163353
16.814322 18.207239
16.875553 18.250698
16.936584 18.293739
16.997425 18.336365
17.058079 18.37858
17.118549 18.420393
17.178841 18.461809
17.23896 18.502834
17.298908 18.54347
17.358688 18.583729
17.418308 18.623608
17.477776 18.663116
17.53709 18.702261
17.596252 18.741041
17.655272 18.779467
17.714153 18.817541
17.772896 18.855267
17.831509 18.892651
17.88999 18.929697
17.948347 18.966408
18.00658 19.00279
18.064701 19.038847
18.122704 19.074581
18.180595 19.109999
18.23838 19.145102
18.296062 19.179895
18.353642 19.21438
18.411125 19.248564
18.46851 19.282446
18.525806 19.316032
18.583015 19.349327
18.640135 19.38233
18.697172 19.415047
18.754131 19.447479
18.811008 19.47963
18.867813 19.511501
18.924545 19.543098
18.981209 19.574421
19.037802 19.605473
19.094334 19.636257
19.150795 19.666775
19.207203 19.697025
19.263548 19.727016
19.319839 19.756748
19.376076 19.786221
19.432259 19.815435
19.488388 19.844395
19.544472 19.873102
19.600508 19.901556
19.656496 19.929762
19.712444 19.957718
19.768351 19.985428
19.824217 20.012894
19.880047 20.040112
19.935839 20.067091
19.991596 20.093826
20.047321 20.120323
20.10302 20.14658
20.158688 20.172602
20.214329 20.198385
20.269945 20.223936
20.325539 20.249252
20.381111 20.274338
20.436665 20.299191
20.492199 20.323814
20.547718 20.348207
20.603222 20.372374
20.658718 20.396315
20.714197 20.420029
20.769672 20.443518
20.825138 20.466782
20.8806 20.489824
20.936058 20.512646
20.991516 20.535244
21.046972 20.557621
21.10243 20.579779
21.157894 20.601719
21.213364 20.62344
21.268837 20.644943
21.324322 20.666229
21.379816 20.6873
21.435324 20.708153
21.490845 20.728794
21.546379 20.749218
21.601936 20.769428
21.657509 20.789425
21.713104 20.809208
21.768721 20.828777
21.824362 20.848137
21.880028 20.867283
21.935722 20.886215
21.991447 20.904938
22.047199 20.923449
22.102987 20.941748
22.158808 20.959837
22.214664 20.977715
22.270561 20.99538
22.326492 21.012836
22.382469 21.030083
22.438484 21.047117
22.494545 21.06394
22.550652 21.080555
22.606806 21.096956
22.66301 21.113148
22.719263 21.129131
22.77557 21.144901
22.831926 21.160458
22.888342 21.175804
22.944813 21.190941
23.001343 21.205864
23.057932 21.220573
23.114586 21.235071
23.171299 21.249355
23.228079 21.263426
23.284924 21.277283
23.341837 21.290924
23.398821 21.30435
23.455875 21.317562
23.513 21.330555
23.570202 21.343334
23.627476 21.355894
23.68483 21.368237
23.742262 21.38036
23.799774 21.392263
23.857368 21.403948
23.915043 21.415409
23.972803 21.426649
24.030651 21.437668
24.088585 21.44846
24.146608 21.459028
24.204723 21.469372
24.26293 21.479488
24.32123 21.489376
24.379623 21.499039
24.438118 21.508469
24.496704 21.517668
24.555393 21.526634
24.614183 21.535368
24.673075 21.543869
24.732071 21.552132
24.79117 21.56016
24.850376 21.567947
24.909691 21.575497
24.969114 21.582806
25.02865 21.58987
25.088297 21.596693
25.148056 21.60327
25.207932 21.6096
25.267923 21.615681
25.328033 21.621513
25.388262 21.627094
25.44861 21.63242
25.509081 21.637493
25.569675 21.642309
25.630394 21.646868
25.691238 21.651165
25.752211 21.655201
25.813313 21.658976
25.87454 21.662483
25.935905 21.665726
25.997396 21.668697
26.059027 21.671398
26.120789 21.673824
26.182692 21.67598
26.244728 21.677855
26.306906 21.679451
26.369225 21.680767
26.431683 21.681801
26.494287 21.682549
26.557034 21.683008
26.619926 21.683178
26.682966 21.683056
26.746155 21.68264
26.809492 21.681927
26.87298 21.680914
26.936623 21.679602
27.000416 21.677984
27.064365 21.676062
27.128468 21.673828
27.19273 21.671288
27.257149 21.66843
27.321728 21.665257
27.386469 21.661766
27.451368 21.657951
27.516436 21.653814
27.581661 21.649349
27.647057 21.644558
27.712618 21.639431
27.778349 21.63397
27.844244 21.62817
27.910315 21.622032
27.976553 21.615547
28.042967 21.608719
28.109554 21.60154
28.176315 21.594007
28.243254 21.586121
28.310369 21.577875
28.377663 21.569267
28.445135 21.560295
28.512789 21.550957
28.580626 21.541245
28.648643 21.53116
28.716846 21.5207
28.785234 21.509857
28.853809 21.498631
28.922573 21.487017
28.991522 21.475014
29.060663 21.462614
29.129993 21.449818
29.199518 21.436623
29.269232 21.423021
29.339144 21.409014
29.409246 21.394594
29.479551 21.379759
29.550047 21.364506
29.620747 21.348831
29.691641 21.332729
29.762739 21.3162
29.834038 21.299236
29.905539 21.281836
29.977242 21.263994
30.04915 21.245708
30.121265 21.226973
30.193586 21.207787
30.266115 21.188143
30.338852 21.168041
30.4118 21.147472
30.484959 21.126438
30.558327 21.104929
30.63191 21.082945
30.705708 21.06048
30.779716 21.037531
30.853943 21.014093
30.928385 20.990162
31.003046 20.965733
31.077923 20.940805
31.153023 20.915369
31.22834 20.889425
31.303883 20.862965
31.379642 20.835987
31.455631 20.808485
31.531839 20.780457
31.608274 20.751894
31.684937 20.722797
31.761824 20.693157
31.838942 20.662971
31.916285 20.632238
31.993862 20.600946
32.071663 20.569096
32.149704 20.536682
32.22797 20.503698
32.306473 20.470139
32.385208 20.436003
32.46418 20.401279
32.543385 20.365971
32.622829 20.330067
32.702507 20.293564
32.782425 20.256454
32.862579 20.218739
32.942978 20.180407
33.023613 20.141457
33.104492 20.101879
33.185608 20.061672
33.266972 20.020828
33.348576 19.979345
33.430424 19.937214
33.512516 19.894432
33.594856 19.850988
33.677437 19.806885
33.760269 19.762108
33.843349 19.716658
33.92667 19.670528
34.010246 19.623711
34.094067 19.576202
34.178139 19.527994
34.262459 19.479084
34.347031 19.429461
34.431854 19.379124
34.51693 19.328064
34.602253 19.276276
34.687832 19.223751
34.773663 19.170486
34.859749 19.116474
34.946087 19.06171
35.032684 19.006184
35.11953 18.949892
35.206638 18.892828
35.293995 18.834984
35.381615 18.776356
35.469482 18.716934
35.557617 18.656713
35.646004 18.595688
35.73465 18.53385
35.823551 18.471193
35.912712 18.407707
36.002136 18.343388
36.091812 18.278236
36.181751 18.212234
36.27195 18.145374
36.362411 18.077656
36.453129 18.009073
36.544109 17.939611
36.635349 17.86927
36.726852 17.798037
36.818611 17.725908
36.910641 17.652874
37.002922 17.578932
37.09547 17.504068
37.188278 17.42828
37.281353 17.351555
37.374683 17.273893
37.468285 17.195278
37.562141 17.115711
37.656265 17.035175
37.750648 16.953669
37.845295 16.871181
37.940205 16.787712
38.035381 16.703239
38.130814 16.617767
38.226517 16.531284
38.322483 16.443777
38.418705 16.355247
38.515194 16.265682
38.611946 16.175072
38.708965 16.083408
38.806244 15.990686
38.90379 15.896894
39.001591 15.802029
39.099663 15.706073
39.197994 15.609029
39.296589 15.510879
39.395447 15.411622
39.494568 15.311242
39.593948 15.209739
39.693596 15.107094
39.793499 15.00331
39.893673 14.898366
39.994102 14.792265
40.094799 14.684986
40.195751 14.576531
40.29697 14.466886
40.398445 14.356044
40.500187 14.243992
40.602188 14.130727
40.704449 14.016232
40.806969 13.900503
40.909752 13.783533
41.012787 13.66531
41.116089 13.545823
41.219654 13.425061
41.323471 13.303024
41.427544 13.179697
41.531879 13.055064
41.636475 12.92912
41.741325 12.801865
41.846432 12.673274
41.951794 12.54335
42.057419 12.412073
42.163292 12.279444
42.269424 12.145442
42.375809 12.010066
42.482452 11.873297
42.589344 11.735138
42.696499 11.595564
42.803894 11.454581
42.911552 11.312162
43.019463 11.168305
43.127621 11.023009
43.236027 10.876254
43.344688 10.728024
43.453602 10.578314
43.562759 10.427124
43.672165 10.274435
43.781826 10.120226
43.891731 9.964499
44.001884 9.807249
44.112278 9.648457
44.222923 9.488106
44.333817 9.326191
44.444946 9.16271
44.556328 8.997639
44.667946 8.83098
44.779816 8.662703
44.891914 8.492825
45.004265 8.321306
45.116852 8.148157
45.229679 7.973352
45.342743 7.796892
45.456051 7.618752
45.569588 7.438938
45.683369 7.257421
45.797379 7.074209
45.911629 6.889267
46.026108 6.70261
46.140827 6.514202
46.255775 6.324043
46.370956 6.13213
46.486362 5.938444
46.602005 5.74296
46.71788 5.545681
46.833969 5.346603
46.950294 5.145702
47.066849 4.942959
47.183628 4.738371
47.300621 4.531939
47.417847 4.323627
47.535294 4.113441
47.652962 3.901358
47.770847 3.68738
47.888954 3.471476
48.007278 3.253653
48.125824 3.033878
48.244583 2.81216
48.363556 2.588469
48.482742 2.362808
48.602146 2.135145
48.721756 1.905493
48.841583 1.673817
48.961617 1.440121
49.081863 1.204376
49.202316 0.966579
49.322968 0.726728
49.443825 0.484798
49.564896 0.240767
49.686165 -0.005369
49.807632 -0.253609
49.929302 -0.503979
50.051174 -0.756498
50.173248 -1.011179
50.295509 -1.268009
50.417969 -1.527039
50.540619 -1.788246
50.663471 -2.051676
50.786507 -2.317308
50.909737 -2.585194
51.033154 -2.855312
51.156765 -3.127703
51.280552 -3.402355
51.404533 -3.679304
51.528687 -3.958544
51.653038 -4.240112
51.777557 -4.523993
51.90226 -4.810228
52.027138 -5.098803
52.152199 -5.389765
