Highway Rise
8.8
1.0
0 1
0.85 1
3.870546 1.5E-05
4.179955 0.428003
4.48572 0.850353
4.787884 1.267126
5.08647 1.678358
5.381523 2.084114
5.673079 2.484438
5.961176 2.879389
6.24585 3.269011
6.527134 3.653355
6.805065 4.032471
7.079668 4.406406
7.351004 4.775223
7.619087 5.138954
7.883959 5.497663
8.145657 5.851395
8.404209 6.200191
8.659649 6.544106
8.912024 6.883186
9.161354 7.217478
9.407682 7.547037
9.651039 7.871904
9.891451 8.192123
10.128962 8.507746
10.363604 8.818821
10.595404 9.125391
10.8244 9.427502
11.050619 9.725203
11.274099 10.018535
11.494871 10.307546
11.712961 10.59228
11.928411 10.872784
12.141247 11.149099
12.351496 11.421273
12.559196 11.689348
12.764376 11.953369
12.967068 12.213378
13.167301 12.469419
13.365103 12.721533
13.560513 12.969766
13.753548 13.214156
13.94425 13.454753
14.132639 13.691588
14.318752 13.924711
14.502615 14.154163
14.684258 14.379981
14.863712 14.602211
15.040997 14.820887
15.21615 15.036055
15.3892 15.247753
15.560171 15.45602
15.729092 15.660897
15.895988 15.862423
16.060894 16.060638
16.223833 16.255577
16.384825 16.447281
16.543909 16.635792
16.701107 16.821142
16.856447 17.003372
17.009953 17.182518
17.161648 17.358616
17.311567 17.531712
17.459732 17.70183
17.606163 17.869013
17.750893 18.033297
17.89394 18.194714
18.035341 18.353308
18.17511 18.509106
18.313276 18.662149
18.44986 18.812468
18.584892 18.960098
18.718391 19.105074
18.850386 19.247431
18.980896 19.387203
19.109947 19.524424
19.23756 19.659124
19.36376 19.791338
19.488573 19.921101
19.612019 20.048445
19.734116 20.173397
19.854893 20.295994
19.974371 20.416267
20.092571 20.534248
20.209513 20.649967
20.325222 20.763456
20.439716 20.874744
20.55302 20.983864
20.665154 21.090845
20.776134 21.195715
20.88599 21.298508
20.994732 21.399246
21.10239 21.497969
21.208981 21.594696
21.314522 21.689461
21.419035 21.782291
21.522537 21.873213
21.625051 21.962257
21.726593 22.049448
21.827183 22.134815
21.926842 22.218386
22.025589 22.300186
22.123436 22.380243
22.220409 22.458582
22.316521 22.535231
22.411791 22.610212
22.506237 22.683554
22.599874 22.755281
22.692726 22.825418
22.784803 22.893991
22.876125 22.961023
22.966711 23.026539
23.056572 23.090561
23.145727 23.153114
23.234192 23.214222
23.321983 23.273909
23.409115 23.332195
23.495605 23.389107
23.58147 23.444662
23.666721 23.498886
23.751373 23.5518
23.835445 23.603424
23.918949 23.653782
24.001898 23.702894
24.084309 23.750778
24.166193 23.797461
24.247566 23.842957
24.328442 23.887289
24.408831 23.930475
24.488752 23.972538
24.568213 24.013494
24.647228 24.053364
24.725811 24.092163
24.803974 24.129915
24.881727 24.166636
24.959087 24.202341
25.036062 24.237053
25.112665 24.270784
25.188906 24.303555
25.264799 24.335382
25.340351 24.366282
25.415579 24.396269
25.490486 24.425362
25.565092 24.453575
25.639399 24.480925
25.713421 24.507425
25.787169 24.533094
25.860649 24.557943
25.933872 24.581989
26.006851 24.605247
26.079592 24.627729
26.152103 24.649448
26.224396 24.67042
26.296478 24.690659
26.368355 24.710173
26.440039 24.728979
26.511536 24.747089
26.582855 24.764515
26.654005 24.781267
26.724991 24.797359
26.795818 24.812803
26.866501 24.827608
26.93704 24.841787
27.007444 24.855349
27.077719 24.868305
27.147871 24.880665
27.217909 24.892439
27.287834 24.903637
27.357656 24.914268
27.42738 24.924341
27.497011 24.933865
27.566551 24.942848
27.636011 24.9513
27.705391 24.959227
27.774698 24.966639
27.843937 24.973541
27.913109 24.979942
27.98222 24.985849
28.051273 24.991268
28.120274 24.996206
28.189226 25.000669
28.258129 25.004663
28.326992 25.008194
28.395811 25.011267
28.464592 25.013889
28.533339 25.016062
28.602053 25.017792
28.670736 25.019083
28.739389 25.019941
28.808016 25.020369
28.876617 25.020369
28.945194 25.019945
29.013746 25.019102
29.082277 25.017841
29.150787 25.016165
29.219276 25.014076
29.287745 25.011578
29.356194 25.008671
29.424622 25.005356
29.493031 25.001635
29.561419 24.997509
29.629786 24.992981
29.698132 24.988049
29.766455 24.982712
29.834753 24.976973
29.90303 24.970831
29.971281 24.964283
30.039507 24.957331
30.107708 24.949972
30.175884 24.942207
30.244036 24.934032
30.31216 24.925446
30.38026 24.916447
30.448334 24.90703
30.516384 24.897194
30.58441 24.886938
30.652407 24.876257
30.720383 24.865145
30.788334 24.853601
30.856264 24.841621
30.92417 24.829199
30.992054 24.81633
31.059919 24.803011
31.127766 24.789234
31.195591 24.774996
31.263401 24.76029
31.331194 24.74511
31.398973 24.729448
31.46674 24.713301
31.534492 24.696659
31.602238 24.679516
31.669973 24.661865
31.737701 24.643696
31.805428 24.625004
31.87315 24.605778
31.94087 24.58601
32.008591 24.565691
32.076321 24.544813
32.144051 24.523367
32.211796 24.501341
32.279545 24.478725
32.347313 24.455513
32.415092 24.431688
32.482895 24.407246
32.550716 24.38217
32.618565 24.356453
32.68644 24.33008
32.754345 24.303041
32.822289 24.275322
32.890266 24.246914
32.958282 24.2178
33.026348 24.187971
33.09446 24.15741
33.162621 24.126106
33.230839 24.094044
33.299114 24.061211
33.367455 24.02759
33.435863 23.99317
33.504341 23.957932
33.572895 23.921864
33.641529 23.884949
33.710243 23.84717
33.779053 23.808514
33.84795 23.768963
33.916946 23.728498
33.986046 23.687107
34.055252 23.644768
34.124565 23.601469
34.194004 23.557186
34.263561 23.511906
34.333244 23.465607
34.403061 23.418274
34.473015 23.369884
34.54311 23.320423
34.613358 23.269867
34.683758 23.218199
34.754318 23.165398
34.825043 23.111443
34.895943 23.056314
34.967014 22.999992
35.038277 22.942453
35.109726 22.883678
35.18137 22.823645
35.253216 22.762333
35.325272 22.699717
35.397545 22.635777
35.470036 22.570488
35.542759 22.503828
35.615715 22.435776
35.688915 22.366302
35.76236 22.295393
35.836067 22.223015
35.91003 22.149149
35.984268 22.073767
36.058784 21.996847
36.133583 21.918362
36.208675 21.838287
36.284069 21.756596
36.359768 21.673262
36.435783 21.588261
36.512123 21.501566
36.588791 21.413147
36.665802 21.322981
36.743156 21.231039
36.820869 21.137293
36.898941 21.041716
36.977386 20.944277
37.056213 20.84495
37.135429 20.743706
37.215042 20.640514
37.295067 20.535343
37.3755 20.428175
37.45636 20.318964
37.537647 20.207693
37.619385 20.09432
37.701565 19.978825
37.784214 19.861168
37.867325 19.741327
37.95092 19.619259
38.035 19.494946
38.119583 19.36834
38.20467 19.239424
38.290276 19.10815
38.376408 18.974501
38.463078 18.838432
38.550297 18.699915
38.638073 18.558914
38.726414 18.415396
38.815334 18.269325
38.904846 18.120668
38.994953 17.969391
39.08567 17.815456
39.17701 17.658831
39.268978 17.499477
39.361588 17.33736
39.454853 17.172443
39.548779 17.00469
39.643383 16.834059
39.738667 16.660528
39.834656 16.484035
39.931347 16.304573
40.028763 16.122074
40.126904 15.936523
40.225792 15.747864
40.325436 15.556074
40.425846 15.361097
40.527031 15.162913
40.629013 14.961462
40.731789 14.756724
40.835388 14.54864
40.939812 14.337184
41.045074 14.12231
41.151188 13.903975
41.258167 13.682141
41.36602 13.456767
41.47477 13.227807
41.584415 12.995223
41.694977 12.758971
41.806469 12.519007
41.9189 12.275291
42.032288 12.027777
42.146641 11.776423
42.261978 11.521179
42.378304 11.262019
42.495644 10.998876
42.613998 10.731728
42.733398 10.460504
42.853836 10.185188
42.975342 9.905705
43.097923 9.622038
43.221596 9.334114
43.346371 9.041914
43.472267 8.745361
43.599297 8.444441
43.727474 8.139076
43.856812 7.829241
43.987328 7.514879
44.119034 7.195942
44.251945 6.872387
44.386078 6.544161
44.521446 6.211214
44.658066 5.873503
44.795952 5.530972
44.93512 5.183575
45.075581 4.831264
45.217354 4.473984
45.360455 4.111687
45.504902 3.744314
45.6507 3.37184
45.797878 2.994179
45.946442 2.611315
46.096413 2.223162
46.247803 1.829699
46.400635 1.430838
46.554916 1.026569
46.71067 0.616798
46.867905 0.201511
47.026653 -0.219389
47.186909 -0.645905
47.348709 -1.078146
47.512058 -1.516123
47.676975 -1.959908
